1.000000000000000000e+01 1.672225300000000005e-22
1.006938599999999973e+01 1.567461600000000008e-22
1.013925399999999932e+01 1.477976399999999898e-22
1.020960700000000010e+01 1.400788700000000021e-22
1.028044700000000056e+01 1.333606100000000022e-22
1.035177999999999976e+01 1.274640899999999906e-22
1.042360700000000051e+01 1.222482099999999921e-22
1.049593199999999982e+01 1.176004399999999985e-22
1.056875999999999927e+01 1.134301900000000091e-22
1.064209199999999989e+01 1.096639300000000024e-22
1.071593400000000074e+01 1.062415500000000064e-22
1.079028800000000032e+01 1.031135500000000050e-22
1.086515799999999921e+01 1.002389300000000054e-22
1.094054700000000047e+01 9.758355100000000142e-23
1.101645899999999934e+01 9.511881099999999515e-23
1.109289899999999918e+01 9.282064499999999946e-23
1.116986799999999924e+01 9.066871099999999591e-23
1.124737200000000037e+01 8.864573199999999935e-23
1.132541299999999929e+01 8.673697800000000222e-23
1.140399599999999936e+01 8.492984100000000214e-23
1.148312400000000011e+01 8.321348600000000019e-23
1.156280100000000033e+01 8.157856700000000545e-23
1.164303100000000057e+01 8.001699699999999921e-23
1.172381799999999963e+01 7.852175500000000471e-23
1.180516500000000057e+01 7.708671999999999568e-23
1.188707699999999967e+01 7.570654500000000227e-23
1.196955700000000000e+01 7.437654100000000180e-23
1.205260900000000035e+01 7.309258400000000000e-23
1.213623800000000053e+01 7.185103699999999526e-23
1.222044700000000006e+01 7.064868199999999810e-23
1.230523999999999951e+01 6.948266600000000099e-23
1.239062200000000047e+01 6.835044799999999836e-23
1.247659600000000069e+01 6.724976400000000492e-23
1.256316600000000072e+01 6.617858800000000251e-23
1.265033700000000039e+01 6.513510199999999779e-23
1.273811300000000024e+01 6.411767200000000490e-23
1.282649800000000084e+01 6.312482499999999606e-23
1.291549700000000023e+01 6.215522900000000267e-23
1.300511299999999970e+01 6.120767700000000585e-23
1.309534999999999982e+01 6.028107199999999464e-23
1.318621399999999966e+01 5.937441700000000482e-23
1.327770800000000051e+01 5.848679899999999764e-23
1.336983700000000042e+01 5.761738300000000538e-23
1.346260599999999918e+01 5.676540400000000018e-23
1.355601799999999990e+01 5.593015799999999480e-23
1.365007800000000060e+01 5.511099499999999690e-23
1.374479099999999931e+01 5.430731599999999955e-23
1.384016100000000016e+01 5.351856599999999430e-23
1.393619299999999939e+01 5.274422799999999915e-23
1.403289099999999934e+01 5.198382299999999977e-23
1.413025999999999982e+01 5.123690499999999834e-23
1.422830500000000065e+01 5.050305399999999721e-23
1.432703000000000060e+01 4.978188099999999707e-23
1.442643999999999949e+01 4.907301699999999743e-23
1.452653899999999965e+01 4.837611899999999794e-23
1.462733399999999939e+01 4.769086000000000197e-23
1.472882700000000078e+01 4.701693399999999719e-23
1.483102500000000035e+01 4.635405200000000169e-23
1.493393200000000043e+01 4.570193799999999836e-23
1.503755300000000084e+01 4.506033199999999731e-23
1.514189299999999960e+01 4.442898500000000241e-23
1.524695700000000009e+01 4.380766199999999727e-23
1.535275000000000034e+01 4.319613799999999719e-23
1.545927700000000016e+01 4.259419800000000218e-23
1.556654400000000038e+01 4.200163599999999965e-23
1.567455400000000054e+01 4.141825400000000236e-23
1.578331400000000073e+01 4.084386499999999919e-23
1.589282900000000076e+01 4.027828700000000076e-23
1.600310299999999941e+01 3.972134400000000144e-23
1.611414299999999855e+01 3.917286900000000063e-23
1.622595300000000051e+01 3.863269899999999866e-23
1.633853900000000081e+01 3.810067800000000043e-23
1.645190600000000103e+01 3.757665600000000047e-23
1.656606000000000023e+01 3.706048499999999967e-23
1.668100499999999897e+01 3.655202399999999759e-23
1.679674899999999838e+01 3.605113600000000061e-23
1.691329500000000152e+01 3.555768799999999838e-23
1.703065000000000140e+01 3.507155000000000186e-23
1.714882000000000062e+01 3.459259700000000256e-23
1.726780899999999974e+01 3.412070799999999883e-23
1.738762399999999886e+01 3.365576299999999805e-23
1.750826999999999956e+01 3.319764600000000265e-23
1.762975399999999837e+01 3.274624600000000154e-23
1.775207999999999942e+01 3.230145299999999855e-23
1.787525499999999923e+01 3.186315800000000068e-23
1.799928500000000042e+01 3.143125900000000186e-23
1.812417500000000103e+01 3.100565200000000144e-23
1.824993200000000115e+01 3.058623900000000015e-23
1.837656199999999984e+01 3.017292100000000146e-23
1.850406999999999869e+01 2.976560400000000114e-23
1.863246300000000133e+01 2.936419299999999770e-23
1.876174699999999973e+01 2.896859900000000279e-23
1.889192800000000005e+01 2.857873200000000136e-23
1.902301200000000136e+01 2.819450400000000237e-23
1.915500600000000020e+01 2.781583000000000076e-23
1.928791500000000170e+01 2.744262499999999735e-23
1.942174699999999987e+01 2.707480799999999977e-23
1.955650699999999986e+01 2.671229700000000072e-23
1.969220299999999924e+01 2.635501299999999948e-23
1.982883899999999855e+01 2.600287999999999896e-23
1.996642500000000098e+01 2.565581999999999868e-23
2.010496399999999895e+01 2.531375799999999883e-23
2.024446500000000171e+01 2.497662200000000033e-23
2.038493400000000122e+01 2.464433900000000091e-23
2.052637800000000112e+01 2.431683799999999875e-23
2.066880199999999945e+01 2.399404900000000112e-23
2.081221599999999938e+01 2.367590500000000126e-23
2.095662400000000147e+01 2.336233700000000076e-23
2.110203399999999974e+01 2.305328099999999947e-23
2.124845399999999884e+01 2.274866999999999943e-23
2.139588900000000038e+01 2.244844100000000070e-23
2.154434699999999836e+01 2.215253100000000041e-23
2.169383499999999998e+01 2.186087899999999907e-23
2.184436099999999925e+01 2.157342299999999991e-23
2.199593099999999879e+01 2.129010400000000099e-23
2.214855199999999869e+01 2.101086300000000033e-23
2.230223300000000108e+01 2.073564299999999940e-23
2.245698000000000150e+01 2.046438499999999918e-23
2.261280100000000104e+01 2.019703499999999888e-23
2.276970299999999980e+01 1.993353599999999996e-23
2.292769300000000143e+01 1.967383599999999913e-23
2.308678000000000097e+01 1.941787900000000103e-23
2.324697099999999850e+01 1.916561499999999991e-23
2.340827300000000122e+01 1.891699000000000087e-23
2.357069399999999959e+01 1.867195400000000110e-23
2.373424299999999931e+01 1.843045700000000073e-23
2.389892599999999945e+01 1.819244899999999992e-23
2.406475199999999859e+01 1.795788099999999901e-23
2.423172800000000038e+01 1.772670599999999887e-23
2.439986299999999986e+01 1.749887600000000007e-23
2.456916500000000170e+01 1.727434500000000076e-23
2.473964099999999888e+01 1.705306599999999883e-23
2.491130000000000067e+01 1.683499599999999898e-23
2.508415099999999853e+01 1.662008799999999910e-23
2.525819999999999865e+01 1.640829900000000097e-23
2.543345800000000168e+01 1.619958700000000070e-23
2.560993099999999956e+01 1.599390799999999983e-23
2.578762899999999902e+01 1.579122000000000034e-23
2.596656000000000120e+01 1.559148299999999883e-23
2.614673200000000008e+01 1.539465500000000023e-23
2.632815499999999886e+01 1.520069600000000112e-23
2.651083600000000118e+01 1.500956700000000126e-23
2.669478499999999954e+01 1.482122900000000041e-23
2.688000999999999863e+01 1.463564300000000125e-23
2.706652100000000161e+01 1.445277100000000083e-23
2.725432500000000147e+01 1.427257599999999938e-23
2.744343299999999886e+01 1.409502200000000028e-23
2.763385299999999845e+01 1.392007100000000059e-23
2.782559399999999883e+01 1.374768800000000099e-23
2.801866599999999963e+01 1.357783699999999899e-23
2.821307699999999841e+01 1.341048499999999868e-23
2.840883699999999834e+01 1.324559600000000051e-23
2.860595500000000158e+01 1.308313799999999998e-23
2.880444200000000166e+01 1.292307500000000049e-23
2.900430499999999867e+01 1.276537600000000071e-23
2.920555500000000038e+01 1.261000800000000032e-23
2.940820199999999929e+01 1.245693999999999946e-23
2.961225400000000008e+01 1.230613800000000053e-23
2.981772300000000087e+01 1.215757399999999994e-23
3.002461699999999922e+01 1.201121500000000033e-23
3.023294699999999935e+01 1.186703100000000060e-23
3.044272199999999984e+01 1.172499299999999989e-23
3.065395300000000134e+01 1.158507200000000027e-23
3.086664899999999889e+01 1.144723700000000043e-23
3.108082200000000128e+01 1.131146099999999996e-23
3.129647999999999897e+01 1.117771499999999948e-23
3.151363500000000073e+01 1.104597200000000006e-23
3.173229600000000161e+01 1.091620299999999936e-23
3.195247499999999974e+01 1.078838300000000040e-23
3.217418200000000184e+01 1.066248299999999938e-23
3.239742600000000294e+01 1.053847700000000054e-23
3.262221999999999866e+01 1.041633999999999955e-23
3.284857399999999927e+01 1.029604600000000064e-23
3.307649800000000084e+01 1.017756900000000072e-23
3.330600299999999692e+01 1.006088399999999985e-23
3.353710199999999730e+01 9.945966999999999804e-24
3.376980300000000312e+01 9.832793000000000655e-24
3.400411900000000287e+01 9.721337999999999763e-24
3.424006099999999719e+01 9.611578399999999579e-24
3.447764099999999843e+01 9.503490599999999616e-24
3.471686799999999806e+01 9.397051499999999502e-24
3.495775600000000338e+01 9.292238300000000111e-24
3.520031500000000335e+01 9.189028300000000284e-24
3.544455700000000320e+01 9.087399399999999882e-24
3.569049299999999647e+01 8.987329500000000234e-24
3.593813699999999756e+01 8.888796900000000414e-24
3.618749799999999794e+01 8.791780199999999270e-24
3.643858999999999781e+01 8.696258299999999833e-24
3.669142399999999782e+01 8.602210200000000165e-24
3.694601200000000318e+01 8.509615399999999908e-24
3.720236700000000241e+01 8.418453400000000179e-24
3.746050000000000324e+01 8.328704199999999269e-24
3.772042499999999876e+01 8.240347899999999314e-24
3.798215299999999672e+01 8.153364899999999286e-24
3.824569699999999983e+01 8.067735899999999402e-24
3.851106999999999658e+01 7.983441599999999882e-24
3.877828399999999931e+01 7.900463199999999588e-24
3.904735199999999651e+01 7.818782100000000666e-24
3.931828800000000257e+01 7.738379899999999721e-24
3.959110299999999683e+01 7.659238300000000143e-24
3.986581100000000077e+01 7.581339300000000688e-24
4.014242500000000291e+01 7.504665199999999888e-24
4.042095799999999883e+01 7.429198499999999555e-24
4.070142500000000041e+01 7.354921799999999467e-24
4.098383700000000118e+01 7.281818100000000082e-24
4.126820800000000133e+01 7.209870299999999483e-24
4.155455299999999852e+01 7.139061899999999716e-24
4.184288500000000255e+01 7.069376300000000449e-24
4.213321700000000192e+01 7.000797199999999658e-24
4.242556400000000139e+01 6.933308400000000633e-24
4.271994000000000113e+01 6.866894199999999432e-24
4.301635799999999676e+01 6.801538700000000589e-24
4.331483200000000267e+01 6.737226499999999939e-24
4.361537799999999976e+01 6.673942099999999757e-24
4.391800899999999785e+01 6.611670500000000232e-24
4.422274000000000171e+01 6.550396599999999912e-24
4.452958499999999731e+01 6.490105700000000232e-24
4.483855899999999650e+01 6.430783099999999686e-24
4.514967800000000153e+01 6.372414300000000047e-24
4.546295500000000089e+01 6.314985099999999927e-24
4.577840499999999935e+01 6.258481499999999747e-24
4.609604499999999661e+01 6.202889399999999756e-24
4.641588800000000248e+01 6.148194999999999981e-24
4.673795100000000247e+01 6.094384899999999660e-24
4.706224799999999675e+01 6.041445499999999895e-24
4.738879599999999925e+01 5.989363500000000092e-24
4.771760900000000305e+01 5.938125900000000170e-24
4.804870400000000075e+01 5.887719700000000048e-24
4.838209700000000169e+01 5.838131999999999813e-24
4.871780199999999894e+01 5.789350300000000236e-24
4.905583699999999681e+01 5.741361999999999711e-24
4.939621700000000004e+01 5.694154800000000082e-24
4.973895999999999873e+01 5.647716499999999690e-24
5.008408000000000015e+01 5.602035100000000155e-24
5.043159500000000151e+01 5.557098600000000159e-24
5.078152099999999791e+01 5.512895399999999797e-24
5.113387500000000330e+01 5.469413700000000297e-24
5.148867500000000064e+01 5.426642200000000060e-24
5.184593499999999722e+01 5.384569599999999695e-24
5.220567499999999939e+01 5.343184599999999807e-24
5.256791100000000228e+01 5.302476300000000217e-24
5.293266100000000307e+01 5.262433599999999666e-24
5.329994099999999690e+01 5.223046000000000124e-24
5.366976900000000228e+01 5.184302700000000110e-24
5.404216399999999965e+01 5.146193300000000293e-24
5.441714300000000293e+01 5.108707399999999873e-24
5.479472299999999763e+01 5.071834900000000030e-24
5.517492399999999719e+01 5.035565500000000134e-24
5.555776199999999676e+01 4.999889499999999842e-24
5.594325700000000268e+01 4.964796899999999769e-24
5.633142699999999792e+01 4.930278099999999742e-24
5.672229000000000099e+01 4.896323500000000321e-24
5.711586499999999944e+01 4.862923700000000205e-24
5.751217100000000215e+01 4.830069399999999731e-24
5.791122599999999920e+01 4.797751400000000140e-24
5.831305100000000152e+01 4.765960599999999906e-24
5.871766399999999919e+01 4.734688200000000218e-24
5.912508400000000108e+01 4.703925299999999888e-24
5.953533099999999934e+01 4.673663200000000276e-24
5.994842500000000030e+01 4.643893500000000310e-24
6.036438499999999863e+01 4.614607499999999881e-24
6.078323100000000068e+01 4.585797099999999897e-24
6.120498400000000316e+01 4.557454100000000364e-24
6.162966300000000075e+01 4.529570299999999817e-24
6.205728799999999978e+01 4.502137800000000241e-24
6.248788100000000156e+01 4.475148699999999948e-24
6.292146100000000075e+01 4.448595299999999794e-24
6.335804999999999865e+01 4.422470100000000239e-24
6.379766800000000160e+01 4.396765500000000106e-24
6.424033699999999669e+01 4.371473999999999857e-24
6.468607699999999738e+01 4.346588499999999899e-24
6.513490899999999328e+01 4.322101799999999734e-24
6.558685699999999485e+01 4.298006899999999940e-24
6.604193999999999676e+01 4.274296600000000020e-24
6.650018000000000029e+01 4.250964399999999933e-24
6.696160100000000170e+01 4.228003399999999692e-24
6.742622199999999566e+01 4.205406899999999651e-24
6.789406800000000430e+01 4.183168600000000109e-24
6.836516000000000304e+01 4.161281900000000120e-24
6.883952100000000485e+01 4.139740600000000155e-24
6.931717299999999682e+01 4.118538499999999947e-24
6.979813900000000615e+01 4.097669399999999968e-24
7.028244300000000067e+01 4.077127399999999726e-24
7.077010699999999588e+01 4.056906600000000204e-24
7.126115400000000477e+01 4.037001200000000346e-24
7.175560900000000686e+01 4.017405500000000005e-24
7.225349500000000091e+01 3.998113799999999766e-24
7.275483499999999992e+01 3.979120699999999990e-24
7.325965399999999761e+01 3.960420800000000305e-24
7.376797600000000443e+01 3.942008700000000338e-24
7.427982500000000243e+01 3.923879200000000055e-24
7.479522500000000207e+01 3.906027200000000330e-24
7.531420199999999454e+01 3.888447599999999830e-24
7.583677900000000704e+01 3.871135599999999937e-24
7.636298299999999983e+01 3.854086200000000226e-24
7.689283700000000010e+01 3.837294700000000044e-24
7.742636799999999653e+01 3.820756300000000041e-24
7.796360099999999704e+01 3.804466600000000074e-24
7.850456200000000706e+01 3.788420900000000227e-24
7.904927600000000609e+01 3.772614899999999797e-24
7.959776999999999703e+01 3.757044200000000110e-24
8.015006999999999948e+01 3.741704499999999727e-24
8.070620099999999297e+01 3.726591699999999753e-24
8.126619200000000376e+01 3.711701599999999652e-24
8.183006799999999714e+01 3.697030300000000136e-24
8.239785700000000190e+01 3.682573700000000103e-24
8.296958499999999503e+01 3.668328099999999871e-24
8.354528100000000279e+01 3.654289600000000149e-24
8.412497000000000469e+01 3.640454599999999954e-24
8.470868299999999351e+01 3.626819300000000166e-24
8.529644500000000562e+01 3.613380199999999973e-24
8.588828599999999369e+01 3.600133800000000029e-24
8.648423300000000324e+01 3.587076699999999693e-24
8.708431500000000369e+01 3.574205400000000355e-24
8.768856100000000708e+01 3.561516899999999849e-24
8.829699999999999704e+01 3.549007700000000300e-24
8.890966000000000236e+01 3.536674800000000276e-24
8.952657100000000412e+01 3.524515000000000210e-24
9.014776299999999765e+01 3.512525400000000309e-24
9.077326499999999498e+01 3.500702999999999877e-24
9.140310700000000566e+01 3.489044799999999685e-24
9.203731999999999402e+01 3.477548100000000283e-24
9.267593300000000056e+01 3.466210099999999843e-24
9.331897700000000384e+01 3.455028000000000213e-24
9.396648299999999665e+01 3.443999199999999908e-24
9.461848200000000020e+01 3.433121099999999645e-24
9.527500499999999306e+01 3.422391200000000314e-24
9.593608299999999645e+01 3.411806899999999694e-24
9.660174800000000062e+01 3.401365899999999748e-24
9.727203199999999583e+01 3.391065699999999896e-24
9.794696700000000078e+01 3.380904100000000068e-24
9.862658500000000572e+01 3.370878800000000022e-24
9.931091800000000092e+01 3.360987500000000253e-24
1.000000000000000000e+02 3.351228200000000296e-24
1.006938600000000008e+02 3.341598599999999911e-24
1.013925399999999968e+02 3.332096700000000103e-24
1.020960699999999974e+02 3.322720400000000236e-24
1.028044699999999949e+02 3.313467900000000186e-24
1.035177999999999940e+02 3.304337199999999857e-24
1.042360699999999980e+02 3.295326400000000055e-24
1.049593200000000053e+02 3.286433600000000118e-24
1.056876000000000033e+02 3.277657199999999896e-24
1.064209199999999953e+02 3.268995200000000025e-24
1.071593400000000003e+02 3.260446100000000157e-24
1.079028799999999961e+02 3.252008100000000168e-24
1.086515799999999956e+02 3.243679700000000077e-24
1.094054699999999940e+02 3.235459199999999929e-24
1.101645900000000040e+02 3.227345100000000110e-24
1.109289899999999989e+02 3.219335899999999906e-24
1.116986799999999960e+02 3.211430100000000068e-24
1.124737200000000001e+02 3.203626399999999855e-24
1.132541300000000035e+02 3.195923300000000020e-24
1.140399599999999936e+02 3.188319400000000017e-24
1.148312399999999940e+02 3.180813500000000008e-24
1.156280100000000033e+02 3.173404200000000183e-24
1.164303100000000057e+02 3.166090299999999967e-24
1.172381799999999998e+02 3.158870599999999892e-24
1.180516499999999951e+02 3.151743900000000119e-24
1.188707699999999932e+02 3.144709000000000075e-24
1.196955700000000036e+02 3.137764899999999895e-24
1.205260899999999964e+02 3.130910400000000109e-24
1.213623800000000017e+02 3.124144500000000116e-24
1.222044700000000006e+02 3.117466099999999882e-24
1.230524000000000058e+02 3.110874199999999910e-24
1.239062200000000047e+02 3.104367999999999938e-24
1.247659600000000069e+02 3.097946300000000131e-24
1.256316599999999966e+02 3.091608400000000031e-24
1.265033700000000039e+02 3.085353300000000140e-24
1.273811299999999989e+02 3.079180100000000029e-24
1.282649800000000084e+02 3.073088099999999977e-24
1.291549699999999916e+02 3.067076399999999920e-24
1.300511300000000006e+02 3.061144300000000138e-24
1.309534999999999911e+02 3.055290899999999833e-24
1.318621400000000108e+02 3.049515500000000018e-24
1.327770800000000122e+02 3.043817500000000040e-24
1.336983700000000113e+02 3.038196200000000176e-24
1.346260599999999954e+02 3.032650800000000168e-24
1.355601800000000026e+02 3.027180700000000096e-24
1.365007799999999918e+02 3.021785399999999844e-24
1.374479100000000074e+02 3.016464200000000057e-24
1.384016100000000051e+02 3.011216599999999886e-24
1.393619300000000010e+02 3.006041899999999975e-24
1.403289100000000076e+02 3.000939700000000011e-24
1.413026000000000124e+02 2.995909499999999878e-24
1.422830500000000029e+02 2.990950700000000024e-24
1.432702999999999918e+02 2.986062900000000135e-24
1.442643999999999949e+02 2.981245600000000097e-24
1.452653899999999965e+02 2.976498399999999962e-24
1.462733399999999904e+02 2.971820900000000152e-24
1.472882700000000114e+02 2.967212600000000183e-24
1.483102499999999964e+02 2.962673199999999913e-24
1.493393199999999865e+02 2.958202399999999933e-24
1.503755299999999977e+02 2.953799799999999929e-24
1.514189299999999889e+02 2.949464999999999956e-24
1.524695700000000045e+02 2.945197699999999869e-24
1.535275000000000034e+02 2.940997700000000065e-24
1.545927700000000016e+02 2.936864700000000032e-24
1.556654399999999896e+02 2.932798399999999994e-24
1.567455400000000054e+02 2.928798500000000175e-24
1.578331399999999860e+02 2.924864799999999868e-24
1.589282900000000041e+02 2.920997200000000005e-24
1.600310299999999870e+02 2.917195400000000076e-24
1.611414300000000139e+02 2.913459200000000106e-24
1.622595300000000123e+02 2.909788400000000123e-24
1.633853900000000010e+02 2.906183000000000128e-24
1.645190599999999961e+02 2.902642600000000173e-24
1.656605999999999881e+02 2.899167300000000063e-24
1.668100499999999897e+02 2.895756899999999824e-24
1.679674899999999980e+02 2.892411300000000020e-24
1.691329499999999939e+02 2.889130400000000114e-24
1.703064999999999998e+02 2.885914099999999936e-24
1.714882000000000062e+02 2.882762399999999853e-24
1.726780899999999974e+02 2.879675200000000062e-24
1.738762399999999957e+02 2.876652400000000026e-24
1.750826999999999884e+02 2.873694099999999915e-24
1.762975399999999979e+02 2.870800199999999926e-24
1.775208000000000084e+02 2.867970799999999862e-24
1.787525500000000136e+02 2.865205799999999921e-24
1.799928500000000042e+02 2.862505200000000101e-24
1.812417499999999961e+02 2.859869200000000010e-24
1.824993200000000115e+02 2.857297600000000040e-24
1.837656200000000126e+02 2.854790699999999968e-24
1.850406999999999869e+02 2.852348399999999992e-24
1.863246300000000133e+02 2.849970799999999913e-24
1.876174699999999973e+02 2.847657999999999903e-24
1.889192799999999863e+02 2.845410100000000131e-24
1.902301199999999994e+02 2.843227299999999836e-24
1.915500600000000020e+02 2.841109600000000119e-24
1.928791500000000099e+02 2.839057199999999852e-24
1.942174699999999916e+02 2.837070100000000136e-24
1.955650699999999915e+02 2.835148600000000014e-24
1.969220300000000066e+02 2.833292800000000021e-24
1.982883899999999926e+02 2.831502900000000132e-24
1.996642500000000098e+02 2.829779099999999952e-24
2.010496400000000108e+02 2.828121500000000019e-24
2.024446499999999958e+02 2.826530299999999937e-24
2.038493400000000122e+02 2.825005799999999851e-24
2.052637799999999970e+02 2.823548200000000100e-24
2.066880199999999945e+02 2.822157600000000121e-24
2.081221600000000080e+02 2.820834300000000056e-24
2.095662399999999934e+02 2.819578600000000048e-24
2.110203400000000045e+02 2.818390700000000071e-24
2.124845400000000097e+02 2.817270899999999901e-24
2.139588899999999967e+02 2.816219399999999877e-24
2.154434699999999907e+02 2.815236599999999945e-24
2.169383500000000140e+02 2.814322599999999909e-24
2.184436100000000067e+02 2.813477800000000082e-24
2.199593099999999879e+02 2.812702600000000042e-24
2.214855200000000082e+02 2.811997099999999960e-24
2.230223300000000108e+02 2.811361700000000149e-24
2.245697999999999865e+02 2.810796799999999820e-24
2.261280099999999891e+02 2.810302699999999852e-24
2.276970300000000123e+02 2.809879700000000019e-24
2.292769299999999930e+02 2.809528199999999901e-24
2.308677999999999884e+02 2.809248500000000009e-24
2.324697099999999921e+02 2.809040999999999920e-24
2.340827299999999980e+02 2.808906099999999948e-24
2.357069400000000030e+02 2.808844099999999869e-24
2.373424300000000073e+02 2.808855500000000167e-24
2.389892600000000016e+02 2.808940599999999882e-24
2.406475199999999859e+02 2.809099800000000063e-24
2.423172800000000109e+02 2.809333600000000091e-24
2.439986299999999915e+02 2.809642300000000110e-24
2.456916500000000099e+02 2.810026399999999867e-24
2.473964100000000030e+02 2.810486300000000045e-24
2.491129999999999995e+02 2.811022500000000024e-24
2.508415099999999995e+02 2.811635400000000117e-24
2.525819999999999936e+02 2.812325399999999904e-24
2.543345799999999883e+02 2.813092999999999868e-24
2.560993100000000027e+02 2.813938700000000124e-24
2.578762899999999831e+02 2.814862899999999885e-24
2.596655999999999835e+02 2.815866100000000002e-24
2.614673199999999724e+02 2.816948900000000025e-24
2.632815499999999815e+02 2.818111600000000098e-24
2.651083600000000047e+02 2.819354800000000140e-24
2.669478500000000167e+02 2.820678999999999900e-24
2.688000999999999863e+02 2.822084699999999861e-24
2.706652100000000019e+02 2.823572499999999942e-24
2.725432500000000005e+02 2.825142699999999920e-24
2.744343299999999886e+02 2.826796100000000053e-24
2.763385299999999916e+02 2.828533000000000118e-24
2.782559400000000096e+02 2.830354000000000033e-24
2.801866600000000176e+02 2.832259799999999887e-24
2.821307699999999841e+02 2.834250799999999995e-24
2.840883699999999976e+02 2.836327599999999906e-24
2.860595500000000015e+02 2.838490700000000106e-24
2.880444200000000023e+02 2.840740700000000146e-24
2.900430499999999938e+02 2.843078300000000114e-24
2.920555499999999824e+02 2.845503899999999958e-24
2.940820200000000000e+02 2.848018200000000132e-24
2.961225400000000150e+02 2.850621799999999822e-24
2.981772300000000087e+02 2.853315399999999852e-24
3.002461700000000064e+02 2.856076199999999994e-24
3.023294700000000148e+02 2.858884999999999900e-24
3.044272199999999771e+02 2.861852899999999817e-24
3.065395300000000134e+02 2.864912199999999884e-24
3.086664900000000102e+02 2.868064400000000083e-24
3.108082200000000057e+02 2.871310099999999966e-24
3.129648000000000252e+02 2.874649899999999818e-24
3.151363499999999931e+02 2.878084399999999926e-24
3.173229600000000232e+02 2.881614300000000013e-24
3.195247499999999832e+02 2.885240300000000166e-24
3.217418200000000184e+02 2.888962900000000135e-24
3.239742600000000152e+02 2.892782800000000009e-24
3.262221999999999866e+02 2.896700800000000047e-24
3.284857400000000212e+02 2.900717399999999999e-24
3.307649799999999800e+02 2.904833299999999953e-24
3.330600299999999834e+02 2.909049199999999999e-24
3.353710199999999872e+02 2.913365900000000028e-24
3.376980300000000170e+02 2.917783799999999987e-24
3.400411899999999719e+02 2.922303900000000107e-24
3.424006099999999719e+02 2.926926599999999969e-24
3.447764099999999985e+02 2.931652800000000000e-24
3.471686799999999948e+02 2.936483199999999923e-24
3.495775600000000054e+02 2.941418299999999854e-24
3.520031500000000051e+02 2.946459100000000026e-24
3.544455699999999752e+02 2.951606000000000016e-24
3.569049299999999789e+02 2.956859899999999888e-24
3.593813700000000040e+02 2.962221500000000098e-24
3.618749799999999937e+02 2.967691600000000170e-24
3.643858999999999924e+02 2.973270699999999853e-24
3.669142400000000066e+02 2.978959699999999945e-24
3.694601200000000176e+02 2.984759300000000166e-24
3.720236699999999814e+02 2.990670300000000042e-24
3.746050000000000182e+02 2.996693299999999858e-24
3.772042500000000018e+02 3.002829099999999875e-24
3.798215299999999957e+02 3.009078499999999985e-24
3.824569700000000125e+02 3.015442199999999908e-24
3.851107000000000085e+02 3.021920999999999905e-24
3.877828400000000215e+02 3.028515600000000064e-24
3.904735200000000077e+02 3.035226799999999911e-24
3.931828800000000115e+02 3.042055299999999901e-24
3.959110299999999825e+02 3.049002000000000097e-24
3.986581100000000220e+02 3.056067500000000051e-24
4.014242499999999723e+02 3.063252799999999995e-24
4.042095800000000168e+02 3.070558400000000044e-24
4.070142500000000041e+02 3.077985300000000065e-24
4.098383699999999976e+02 3.085534200000000147e-24
4.126820799999999849e+02 3.093205900000000180e-24
4.155455299999999852e+02 3.101001200000000058e-24
4.184288500000000113e+02 3.108920799999999869e-24
4.213321700000000192e+02 3.116965699999999846e-24
4.242556400000000281e+02 3.125136499999999908e-24
4.271994000000000256e+02 3.133434100000000116e-24
4.301635800000000245e+02 3.141859199999999826e-24
4.331483200000000124e+02 3.150412800000000005e-24
4.361537799999999834e+02 3.159095600000000006e-24
4.391800900000000070e+02 3.167908400000000090e-24
4.422273999999999887e+02 3.176852000000000148e-24
4.452958499999999731e+02 3.185927299999999875e-24
4.483855899999999792e+02 3.195135000000000096e-24
4.514967800000000011e+02 3.204476099999999939e-24
4.546295499999999947e+02 3.213951299999999862e-24
4.577840499999999793e+02 3.223561400000000125e-24
4.609604499999999803e+02 3.233307399999999856e-24
4.641588800000000106e+02 3.243189999999999882e-24
4.673795099999999820e+02 3.253210099999999895e-24
4.706224799999999959e+02 3.263368599999999958e-24
4.738879600000000210e+02 3.273666200000000161e-24
4.771760899999999879e+02 3.284103799999999831e-24
4.804870399999999790e+02 3.294682300000000132e-24
4.838209699999999884e+02 3.305402499999999855e-24
4.871780200000000036e+02 3.316265399999999965e-24
4.905583700000000249e+02 3.327271700000000185e-24
4.939621700000000146e+02 3.338422299999999843e-24
4.973895999999999731e+02 3.349718099999999735e-24
5.008408000000000015e+02 3.361159999999999924e-24
5.043159499999999866e+02 3.372748800000000301e-24
5.078152099999999791e+02 3.384485400000000194e-24
5.113387500000000045e+02 3.396370699999999666e-24
5.148867500000000064e+02 3.408405600000000246e-24
5.184593499999999722e+02 3.420590999999999795e-24
5.220567499999999654e+02 3.432927799999999843e-24
5.256791100000000370e+02 3.445416800000000283e-24
5.293266099999999597e+02 3.458058899999999706e-24
5.329994100000000117e+02 3.470855099999999816e-24
5.366976899999999659e+02 3.483806299999999939e-24
5.404216400000000249e+02 3.496913299999999967e-24
5.441714299999999866e+02 3.510177100000000132e-24
5.479472299999999905e+02 3.523598599999999763e-24
5.517492399999999861e+02 3.537178799999999826e-24
5.555776200000000244e+02 3.550918400000000044e-24
5.594325700000000552e+02 3.564818500000000083e-24
5.633142699999999650e+02 3.578880000000000006e-24
5.672228999999999814e+02 3.593103900000000045e-24
5.711586499999999660e+02 3.607490899999999922e-24
5.751217100000000073e+02 3.622042200000000211e-24
5.791122599999999920e+02 3.636758700000000238e-24
5.831305099999999584e+02 3.651641199999999895e-24
5.871766400000000203e+02 3.666690800000000319e-24
5.912508400000000393e+02 3.681908400000000104e-24
5.953533099999999649e+02 3.697295000000000217e-24
5.994842499999999745e+02 3.712851499999999984e-24
6.036438500000000431e+02 3.728578899999999638e-24
6.078323100000000068e+02 3.744478200000000147e-24
6.120498400000000174e+02 3.760550300000000103e-24
6.162966300000000501e+02 3.776796299999999908e-24
6.205728800000000547e+02 3.793217100000000360e-24
6.248788100000000441e+02 3.809813700000000221e-24
6.292146099999999933e+02 3.826587199999999893e-24
6.335805000000000291e+02 3.843538500000000175e-24
6.379766799999999876e+02 3.860668599999999828e-24
6.424033699999999953e+02 3.877978599999999991e-24
6.468607700000000023e+02 3.895469399999999989e-24
6.513490900000000465e+02 3.913142100000000227e-24
6.558685699999999770e+02 3.930997700000000201e-24
6.604193999999999960e+02 3.949037200000000144e-24
6.650018000000000029e+02 3.967261799999999893e-24
6.696160099999999602e+02 3.985672300000000077e-24
6.742622199999999566e+02 4.004269899999999797e-24
6.789406800000000430e+02 4.023055700000000192e-24
6.836516000000000304e+02 4.042030599999999853e-24
6.883952100000000200e+02 4.061195800000000089e-24
6.931717300000000250e+02 4.080552299999999661e-24
6.979813900000000331e+02 4.100101199999999709e-24
7.028244300000000067e+02 4.119843599999999898e-24
7.077010699999999588e+02 4.139780599999999898e-24
7.126115399999999909e+02 4.159913199999999940e-24
7.175560900000000402e+02 4.180242599999999862e-24
7.225349499999999807e+02 4.200769900000000067e-24
7.275483500000000276e+02 4.221496100000000053e-24
7.325965400000000045e+02 4.242422499999999828e-24
7.376797599999999875e+02 4.263550199999999794e-24
7.427982500000000528e+02 4.284880200000000184e-24
7.479522500000000491e+02 4.306413700000000100e-24
7.531420200000000023e+02 4.328151900000000116e-24
7.583677900000000136e+02 4.350095899999999900e-24
7.636298299999999699e+02 4.372246900000000024e-24
7.689283699999999726e+02 4.394606100000000325e-24
7.742636800000000221e+02 4.417174599999999739e-24
7.796360100000000557e+02 4.439953600000000305e-24
7.850456199999999853e+02 4.462944299999999659e-24
7.904927599999999757e+02 4.486147899999999842e-24
7.959777000000000271e+02 4.509565700000000127e-24
8.015007000000000517e+02 4.533198700000000014e-24
8.070620099999999866e+02 4.557048299999999679e-24
8.126619200000000092e+02 4.581115699999999695e-24
8.183006800000000567e+02 4.605402099999999901e-24
8.239785699999999906e+02 4.629908800000000305e-24
8.296958499999999503e+02 4.654637000000000010e-24
8.354528099999999995e+02 4.679587999999999758e-24
8.412496999999999616e+02 4.704763000000000123e-24
8.470868299999999635e+02 4.730163299999999643e-24
8.529644500000000562e+02 4.755790299999999966e-24
8.588828600000000506e+02 4.781645200000000196e-24
8.648423299999999472e+02 4.807729300000000340e-24
8.708431500000000369e+02 4.834043999999999842e-24
8.768856100000000424e+02 4.860590500000000010e-24
8.829700000000000273e+02 4.887370200000000287e-24
8.890965999999999667e+02 4.914384500000000117e-24
8.952657100000000128e+02 4.941634600000000072e-24
9.014776299999999765e+02 4.969121999999999767e-24
9.077326500000000351e+02 4.996847999999999943e-24
9.140310699999999997e+02 5.024814100000000216e-24
9.203731999999999971e+02 5.053021499999999688e-24
9.267593299999999772e+02 5.081471700000000178e-24
9.331897699999999531e+02 5.110166099999999659e-24
9.396648300000000518e+02 5.139106099999999779e-24
9.461848199999999451e+02 5.168293200000000152e-24
9.527500499999999874e+02 5.197728700000000051e-24
9.593608299999999645e+02 5.227414199999999996e-24
9.660174799999999777e+02 5.257351100000000165e-24
9.727203200000000152e+02 5.287540900000000171e-24
9.794696699999999510e+02 5.317985000000000192e-24
9.862658500000000004e+02 5.348685000000000013e-24
9.931091800000000376e+02 5.379642299999999813e-24
1.000000000000000000e+03 5.410858500000000109e-24
1.006938599999999951e+03 5.442335099999999781e-24
1.013925399999999968e+03 5.474073599999999912e-24
1.020960699999999974e+03 5.506075600000000286e-24
1.028044699999999921e+03 5.538342599999999782e-24
1.035178000000000111e+03 5.570876199999999654e-24
1.042360699999999952e+03 5.603677999999999685e-24
1.049593200000000024e+03 5.636749599999999660e-24
1.056875999999999976e+03 5.670092499999999928e-24
1.064209200000000010e+03 5.703708499999999876e-24
1.071593399999999974e+03 5.737599099999999856e-24
1.079028800000000047e+03 5.771765999999999819e-24
1.086515799999999899e+03 5.806210800000000286e-24
1.094054699999999912e+03 5.840935199999999741e-24
1.101645899999999983e+03 5.875940900000000341e-24
1.109289899999999989e+03 5.911229499999999668e-24
1.116986799999999903e+03 5.946802800000000050e-24
1.124737200000000030e+03 5.982662499999999970e-24
1.132541300000000092e+03 6.018810400000000289e-24
1.140399599999999964e+03 6.055247999999999885e-24
1.148312400000000025e+03 6.091977299999999959e-24
1.156280099999999948e+03 6.128999999999999728e-24
1.164303100000000086e+03 6.166317799999999883e-24
1.172381800000000112e+03 6.203932599999999982e-24
1.180516499999999951e+03 6.241846200000000151e-24
1.188707699999999932e+03 6.280060300000000343e-24
1.196955699999999979e+03 6.318576900000000289e-24
1.205260899999999992e+03 6.357397699999999943e-24
1.213623800000000074e+03 6.396524699999999769e-24
1.222044699999999921e+03 6.435959699999999891e-24
1.230523999999999887e+03 6.475704599999999870e-24
1.239062200000000075e+03 6.515761300000000000e-24
1.247659599999999955e+03 6.556131800000000011e-24
1.256316600000000108e+03 6.596817900000000028e-24
1.265033699999999953e+03 6.637821600000000514e-24
1.273811300000000074e+03 6.679144900000000466e-24
1.282649799999999914e+03 6.720789799999999613e-24
1.291549700000000030e+03 6.762758299999999890e-24
1.300511299999999892e+03 6.805052299999999386e-24
1.309535000000000082e+03 6.847673899999999472e-24
1.318621399999999994e+03 6.890625100000000612e-24
1.327770800000000008e+03 6.933907999999999767e-24
1.336983699999999999e+03 6.977524699999999777e-24
1.346260600000000068e+03 7.021477199999999636e-24
1.355601799999999912e+03 7.065767600000000715e-24
1.365007800000000088e+03 7.110398200000000315e-24
1.374479100000000017e+03 7.155370899999999465e-24
1.384016100000000051e+03 7.200687900000000439e-24
1.393619300000000067e+03 7.246351500000000540e-24
1.403289099999999962e+03 7.292363700000000232e-24
1.413026000000000067e+03 7.338726799999999756e-24
1.422830500000000029e+03 7.385443099999999352e-24
1.432702999999999975e+03 7.432514599999999485e-24
1.442644000000000005e+03 7.479943799999999265e-24
1.452653900000000021e+03 7.527732800000000064e-24
1.462733400000000074e+03 7.575884000000000087e-24
1.472882700000000114e+03 7.624399500000000704e-24
1.483102499999999964e+03 7.673281900000000462e-24
1.493393199999999979e+03 7.722533300000000731e-24
1.503755300000000034e+03 7.772156099999999716e-24
1.514189300000000003e+03 7.822152799999999469e-24
1.524695699999999988e+03 7.872525599999999325e-24
1.535275000000000091e+03 7.923277099999999300e-24
1.545927699999999959e+03 7.974409500000000200e-24
1.556654399999999896e+03 8.025925500000000006e-24
1.567455400000000054e+03 8.077827299999999525e-24
1.578331400000000031e+03 8.130117599999999676e-24
1.589282899999999927e+03 8.182798700000000701e-24
1.600310300000000097e+03 8.235873300000000581e-24
1.611414299999999912e+03 8.289343800000000463e-24
1.622595299999999952e+03 8.343212800000000363e-24
1.633853900000000067e+03 8.397482900000000297e-24
1.645190599999999904e+03 8.452156700000000281e-24
1.656605999999999995e+03 8.507236699999999427e-24
1.668100500000000011e+03 8.562725600000000126e-24
1.679674899999999980e+03 8.618626100000000359e-24
1.691329500000000053e+03 8.674940800000000144e-24
1.703065000000000055e+03 8.731672499999999837e-24
1.714882000000000062e+03 8.788823700000000018e-24
1.726780899999999974e+03 8.846397399999999916e-24
1.738762400000000071e+03 8.904396100000000110e-24
1.750826999999999998e+03 8.962822700000000395e-24
1.762975400000000036e+03 9.021679999999999656e-24
1.775208000000000084e+03 9.080970700000000284e-24
1.787525499999999965e+03 9.140697800000000038e-24
1.799928499999999985e+03 9.200863999999999839e-24
1.812417500000000018e+03 9.261472300000000384e-24
1.824993199999999888e+03 9.322525500000000560e-24
1.837656199999999899e+03 9.384026599999999594e-24
1.850406999999999925e+03 9.445978500000000218e-24
1.863246300000000019e+03 9.508384099999999286e-24
1.876174700000000030e+03 9.571246499999999867e-24
1.889192800000000034e+03 9.634568600000000286e-24
1.902301200000000108e+03 9.698353500000000675e-24
1.915500600000000077e+03 9.762604200000000261e-24
1.928791500000000042e+03 9.827323800000000646e-24
1.942174700000000030e+03 9.892515400000000493e-24
1.955650699999999915e+03 9.958182099999999935e-24
1.969220299999999952e+03 1.002432700000000057e-23
1.982883900000000040e+03 1.009095300000000073e-23
1.996642499999999927e+03 1.015806400000000044e-23
2.010496399999999994e+03 1.022566300000000038e-23
2.024446500000000015e+03 1.029375299999999979e-23
2.038493400000000065e+03 1.036233699999999937e-23
2.052637799999999970e+03 1.043141900000000004e-23
2.066880200000000059e+03 1.050100199999999957e-23
2.081221599999999853e+03 1.057108900000000012e-23
2.095662400000000162e+03 1.064168299999999944e-23
2.110203399999999874e+03 1.071278799999999994e-23
2.124845400000000154e+03 1.078440799999999961e-23
2.139588900000000194e+03 1.085654600000000061e-23
2.154434699999999793e+03 1.092920500000000071e-23
2.169383499999999913e+03 1.100238800000000059e-23
2.184436099999999897e+03 1.107609999999999996e-23
2.199593100000000049e+03 1.115034399999999950e-23
2.214855199999999968e+03 1.122512199999999969e-23
2.230223300000000108e+03 1.130044000000000044e-23
2.245697999999999865e+03 1.137630099999999952e-23
2.261280099999999948e+03 1.145270700000000033e-23
2.276970299999999952e+03 1.152966299999999963e-23
2.292769299999999930e+03 1.160717299999999980e-23
2.308677999999999884e+03 1.168524000000000009e-23
2.324697099999999864e+03 1.176386799999999994e-23
2.340827299999999923e+03 1.184306100000000029e-23
2.357069399999999860e+03 1.192282300000000061e-23
2.373424300000000130e+03 1.200315599999999987e-23
2.389892600000000130e+03 1.208406599999999949e-23
2.406475199999999859e+03 1.216555600000000015e-23
2.423172799999999825e+03 1.224762999999999984e-23
2.439986300000000028e+03 1.233029199999999950e-23
2.456916499999999814e+03 1.241354600000000006e-23
2.473964100000000144e+03 1.249739599999999950e-23
2.491130000000000109e+03 1.258184600000000023e-23
2.508415100000000166e+03 1.266690000000000023e-23
2.525820000000000164e+03 1.275256200000000043e-23
2.543345800000000054e+03 1.283883600000000030e-23
2.560993100000000140e+03 1.292572599999999929e-23
2.578762900000000172e+03 1.301323700000000004e-23
2.596655999999999949e+03 1.310137300000000053e-23
2.614673200000000179e+03 1.319013700000000000e-23
2.632815500000000156e+03 1.327953500000000130e-23
2.651083599999999933e+03 1.336957099999999949e-23
2.669478500000000167e+03 1.346024799999999967e-23
2.688001000000000204e+03 1.355157200000000031e-23
2.706652099999999791e+03 1.364354599999999915e-23
2.725432499999999891e+03 1.373617500000000030e-23
2.744343299999999999e+03 1.382946399999999904e-23
2.763385299999999916e+03 1.392341599999999901e-23
2.782559400000000096e+03 1.401803699999999866e-23
2.801866599999999835e+03 1.411333199999999916e-23
2.821307699999999841e+03 1.420930300000000096e-23
2.840883699999999862e+03 1.430595800000000006e-23
2.860595499999999902e+03 1.440329899999999985e-23
2.880444199999999910e+03 1.450133099999999856e-23
2.900430499999999938e+03 1.460006000000000052e-23
2.920555499999999938e+03 1.469949000000000078e-23
2.940820200000000114e+03 1.479962600000000050e-23
2.961225399999999809e+03 1.490047300000000085e-23
2.981772300000000087e+03 1.500203499999999982e-23
3.002461699999999837e+03 1.510431799999999879e-23
3.023294699999999921e+03 1.520732599999999871e-23
3.044272199999999884e+03 1.531106500000000095e-23
3.065395300000000134e+03 1.541553900000000059e-23
3.086664900000000216e+03 1.552075299999999877e-23
3.108082199999999830e+03 1.562671299999999983e-23
3.129648000000000138e+03 1.573342299999999882e-23
3.151363499999999931e+03 1.584088900000000007e-23
3.173229600000000119e+03 1.594911599999999888e-23
3.195247499999999945e+03 1.605810899999999933e-23
3.217418200000000070e+03 1.616787399999999989e-23
3.239742600000000039e+03 1.627841499999999854e-23
3.262222000000000207e+03 1.638973899999999985e-23
3.284857399999999870e+03 1.650184999999999887e-23
3.307649800000000141e+03 1.661475399999999994e-23
3.330600300000000061e+03 1.672845600000000128e-23
3.353710199999999986e+03 1.684296200000000134e-23
3.376980300000000170e+03 1.695827700000000128e-23
3.400411900000000060e+03 1.707440699999999957e-23
3.424006100000000060e+03 1.719135800000000052e-23
3.447764099999999871e+03 1.730913499999999944e-23
3.471686799999999948e+03 1.742774400000000064e-23
3.495775599999999940e+03 1.754718999999999942e-23
3.520031500000000051e+03 1.766748100000000057e-23
3.544455699999999979e+03 1.778861999999999891e-23
3.569049300000000130e+03 1.791061399999999901e-23
3.593813700000000154e+03 1.803346999999999955e-23
3.618749800000000050e+03 1.815719200000000147e-23
3.643858999999999924e+03 1.828178800000000073e-23
3.669142400000000180e+03 1.840726200000000123e-23
3.694601200000000063e+03 1.853362199999999892e-23
3.720236699999999928e+03 1.866087300000000086e-23
3.746050000000000182e+03 1.878902099999999962e-23
3.772042500000000018e+03 1.891807299999999976e-23
3.798215299999999843e+03 1.904803499999999975e-23
3.824569700000000012e+03 1.917891300000000097e-23
3.851106999999999971e+03 1.931071399999999918e-23
3.877828399999999874e+03 1.944344300000000141e-23
3.904735200000000077e+03 1.957710800000000070e-23
3.931828799999999774e+03 1.971171500000000140e-23
3.959110299999999825e+03 1.984727099999999924e-23
3.986581099999999878e+03 1.998378100000000127e-23
4.014242499999999836e+03 2.012125300000000053e-23
4.042095800000000054e+03 2.025969399999999864e-23
4.070142499999999927e+03 2.039910899999999971e-23
4.098383700000000317e+03 2.053950699999999995e-23
4.126820800000000418e+03 2.068089300000000052e-23
4.155455299999999625e+03 2.082327500000000034e-23
4.184288499999999658e+03 2.096665900000000081e-23
4.213321700000000419e+03 2.111105300000000085e-23
4.242556400000000394e+03 2.125646399999999913e-23
4.271993999999999687e+03 2.140289800000000001e-23
4.301635800000000017e+03 2.155036299999999945e-23
4.331483199999999670e+03 2.169886599999999908e-23
4.361537800000000061e+03 2.184841400000000053e-23
4.391800900000000183e+03 2.199901499999999979e-23
4.422274000000000342e+03 2.215067600000000141e-23
4.452958499999999731e+03 2.230340400000000115e-23
4.483855899999999565e+03 2.245720700000000086e-23
4.514967800000000352e+03 2.261209199999999923e-23
4.546295500000000175e+03 2.276806700000000106e-23
4.577840500000000247e+03 2.292513899999999916e-23
4.609604500000000371e+03 2.308331600000000127e-23
4.641588800000000447e+03 2.324260700000000065e-23
4.673795100000000275e+03 2.340301799999999871e-23
4.706224799999999959e+03 2.356455800000000048e-23
4.738879600000000210e+03 2.372723399999999876e-23
4.771760900000000220e+03 2.389105499999999858e-23
4.804870399999999790e+03 2.405602799999999864e-23
4.838209700000000339e+03 2.422216100000000078e-23
4.871780200000000150e+03 2.438946400000000147e-23
4.905583700000000135e+03 2.455794299999999914e-23
4.939621699999999691e+03 2.472760699999999884e-23
4.973895999999999731e+03 2.489846499999999971e-23
5.008408000000000357e+03 2.507052500000000067e-23
5.043159499999999753e+03 2.524379600000000088e-23
5.078152100000000246e+03 2.541828499999999903e-23
5.113387499999999818e+03 2.559400100000000013e-23
5.148867500000000291e+03 2.577095400000000065e-23
5.184593499999999949e+03 2.594915199999999950e-23
5.220567500000000109e+03 2.612860299999999853e-23
5.256791100000000370e+03 2.630931599999999985e-23
5.293266099999999824e+03 2.649130099999999989e-23
5.329994099999999889e+03 2.667456699999999781e-23
5.366976899999999659e+03 2.685912100000000111e-23
5.404216400000000249e+03 2.704497399999999765e-23
5.441714299999999639e+03 2.723213499999999834e-23
5.479472300000000359e+03 2.742061300000000234e-23
5.517492400000000089e+03 2.761041599999999975e-23
5.555776200000000244e+03 2.780155599999999922e-23
5.594325700000000325e+03 2.799403999999999946e-23
5.633142700000000332e+03 2.818787900000000007e-23
5.672229000000000269e+03 2.838308200000000022e-23
5.711586500000000342e+03 2.857965900000000222e-23
5.751217099999999846e+03 2.877762000000000251e-23
5.791122599999999693e+03 2.897697299999999709e-23
5.831305099999999584e+03 2.917773099999999778e-23
5.871766400000000431e+03 2.937990099999999740e-23
5.912508399999999710e+03 2.958349499999999874e-23
5.953533099999999649e+03 2.978852200000000094e-23
5.994842499999999745e+03 2.999499200000000046e-23
6.036438500000000204e+03 3.020291700000000008e-23
6.078323099999999613e+03 3.041230500000000165e-23
6.120498400000000402e+03 3.062316800000000210e-23
6.162966300000000047e+03 3.083551700000000104e-23
6.205728799999999865e+03 3.104936099999999762e-23
6.248788099999999758e+03 3.126471099999999733e-23
6.292146099999999933e+03 3.148157899999999709e-23
6.335805000000000291e+03 3.169997400000000192e-23
6.379766800000000330e+03 3.191990800000000286e-23
6.424033699999999953e+03 3.214139199999999952e-23
6.468607699999999568e+03 3.236443699999999741e-23
6.513490899999999783e+03 3.258905400000000201e-23
6.558685699999999997e+03 3.281525499999999848e-23
6.604194000000000415e+03 3.304305000000000090e-23
6.650018000000000029e+03 3.327245100000000030e-23
6.696160100000000057e+03 3.350346999999999946e-23
6.742622199999999793e+03 3.373611799999999802e-23
6.789406799999999748e+03 3.397040699999999875e-23
6.836515999999999622e+03 3.420634800000000127e-23
6.883952100000000428e+03 3.444395399999999979e-23
6.931717300000000250e+03 3.468323699999999709e-23
6.979813900000000103e+03 3.492420799999999867e-23
7.028244300000000294e+03 3.516687999999999873e-23
7.077010699999999815e+03 3.541126400000000277e-23
7.126115399999999681e+03 3.565737400000000228e-23
7.175560900000000402e+03 3.590522200000000006e-23
7.225349500000000262e+03 3.615481999999999889e-23
7.275483500000000276e+03 3.640618000000000156e-23
7.325965400000000045e+03 3.665931700000000273e-23
7.376797599999999875e+03 3.691424200000000204e-23
7.427982500000000073e+03 3.717096799999999954e-23
7.479522500000000036e+03 3.742950800000000122e-23
7.531420199999999568e+03 3.768987599999999856e-23
7.583677899999999681e+03 3.795208499999999752e-23
7.636298300000000381e+03 3.821614799999999818e-23
7.689283699999999953e+03 3.848207800000000063e-23
7.742636800000000221e+03 3.874988999999999954e-23
7.796360099999999875e+03 3.901959599999999769e-23
7.850456199999999626e+03 3.929121100000000151e-23
7.904927599999999984e+03 3.956474799999999932e-23
7.959777000000000044e+03 3.984022199999999755e-23
8.015006999999999607e+03 4.011764600000000216e-23
8.070620100000000093e+03 4.039703500000000194e-23
8.126619200000000092e+03 4.067840200000000284e-23
8.183006800000000112e+03 4.096176400000000000e-23
8.239785700000000361e+03 4.124713300000000209e-23
8.296958500000000640e+03 4.153452500000000108e-23
8.354528099999999540e+03 4.182395400000000020e-23
8.412496999999999389e+03 4.211543599999999730e-23
8.470868300000000090e+03 4.240898500000000152e-23
8.529644500000000335e+03 4.270461699999999893e-23
8.588828600000000733e+03 4.300234700000000185e-23
8.648423300000000381e+03 4.330218999999999905e-23
8.708431500000000597e+03 4.360416200000000014e-23
8.768856100000000879e+03 4.390827799999999978e-23
8.829700000000000728e+03 4.421455499999999899e-23
8.890966000000000349e+03 4.452300700000000101e-23
8.952657100000000355e+03 4.483365199999999828e-23
9.014776299999999537e+03 4.514650600000000039e-23
9.077326499999999214e+03 4.546158299999999884e-23
9.140310699999999997e+03 4.577890200000000098e-23
9.203731999999999971e+03 4.609847899999999877e-23
9.267593300000000454e+03 4.642033000000000181e-23
9.331897699999999531e+03 4.674447300000000253e-23
9.396648300000000745e+03 4.707092300000000147e-23
9.461848200000000361e+03 4.739969900000000010e-23
9.527500500000000102e+03 4.773081799999999945e-23
9.593608299999999872e+03 4.806429599999999734e-23
9.660174800000000687e+03 4.840015299999999843e-23
9.727203199999999924e+03 4.873840500000000055e-23
9.794696700000000419e+03 4.907907000000000202e-23
9.862658499999999549e+03 4.942216600000000113e-23
9.931091800000000148e+03 4.976771100000000206e-23
1.000000000000000000e+04 5.011572499999999772e-23
